>> x = 12 + 5*i

x =

  12.0000 + 5.0000i

>> y = 5 - i*13

y =

   5.0000 -13.0000i

>> result = real(x) - imag(y)

result =

    25
