 str = 'this is a test';
>> x = double(str)

x =

  Columns 1 through 10

   116   104   105   115    32   105   115    32    97    32

  Columns 11 through 14

   116   101   115   116

>> 
>> 
>> 
>> y = [84 104 105 115 32 105 115 32]'

y =

    84
   104
   105
   115
    32
   105
   115
    32

>> z = char(y)

z =

T
h
i
s
 
i
s
 
